5.1 -7.20778e+06
5.10201 -7.35179e+06
5.10401 -7.49578e+06
5.10602 -7.63973e+06
5.10803 -7.78364e+06
5.11003 -7.92752e+06
5.11204 -60281.2
5.11405 -205698
5.11605 -351091
5.11806 -496461
5.12007 -641806
5.12207 -787128
5.12408 -932426
5.12609 -1.0777e+06
5.12809 -1.22295e+06
5.1301 -1.36817e+06
5.13211 -1.51337e+06
5.13411 -1.65854e+06
5.13612 -1.80369e+06
5.13813 -1.94881e+06
5.14013 -2.09391e+06
5.14214 -2.23898e+06
5.14415 -2.38402e+06
5.14615 -2.52904e+06
5.14816 -2.67403e+06
5.15017 -2.81899e+06
5.15217 -2.96393e+06
5.15418 -3.10884e+06
5.15619 -3.25372e+06
5.15819 -3.39858e+06
5.1602 -3.5434e+06
5.16221 -3.6882e+06
5.16421 -3.83297e+06
5.16622 -3.97771e+06
5.16823 -4.12242e+06
5.17023 -4.26711e+06
5.17224 -4.41176e+06
5.17425 -4.55639e+06
5.17625 -4.70098e+06
5.17826 -4.84555e+06
5.18027 -4.99008e+06
5.18227 -5.13459e+06
5.18428 -5.27906e+06
5.18629 -5.42351e+06
5.18829 -5.56792e+06
5.1903 -5.7123e+06
5.19231 -5.85665e+06
5.19431 -6.00097e+06
5.19632 -6.14526e+06
5.19833 -6.28952e+06
5.20033 -6.43374e+06
5.20234 -6.57794e+06
5.20435 -6.7221e+06
5.20635 -6.86622e+06
5.20836 -7.01032e+06
5.21037 -7.15438e+06
5.21237 -7.29841e+06
5.21438 -7.4424e+06
5.21639 -7.58636e+06
5.21839 -7.73029e+06
5.2204 -7.87418e+06
5.22241 -5564.71
5.22441 -150990
5.22642 -296392
5.22843 -441770
5.23043 -587125
5.23244 -732456
5.23445 -877762
5.23645 -1.02304e+06
5.23846 -1.1683e+06
5.24047 -1.31353e+06
5.24247 -1.45874e+06
5.24448 -1.60393e+06
5.24649 -1.74908e+06
5.24849 -1.89421e+06
5.2505 -2.03932e+06
5.25251 -2.1844e+06
5.25452 -2.32945e+06
5.25652 -2.47448e+06
5.25853 -2.61948e+06
5.26054 -2.76445e+06
5.26254 -2.9094e+06
5.26455 -3.05432e+06
5.26656 -3.19921e+06
5.26856 -3.34408e+06
5.27057 -3.48891e+06
5.27258 -3.63372e+06
5.27458 -3.7785e+06
5.27659 -3.92325e+06
5.2786 -4.06798e+06
5.2806 -4.21267e+06
5.28261 -4.35734e+06
5.28462 -4.50197e+06
5.28662 -4.64658e+06
5.28863 -4.79115e+06
5.29064 -4.9357e+06
5.29264 -5.08022e+06
5.29465 -5.2247e+06
5.29666 -5.36916e+06
5.29866 -5.51359e+06
5.30067 -5.65798e+06
5.30268 -5.80234e+06
5.30468 -5.94667e+06
5.30669 -6.09097e+06
5.3087 -6.23524e+06
5.3107 -6.37948e+06
5.31271 -6.52368e+06
5.31472 -6.66786e+06
5.31672 -6.81199e+06
5.31873 -6.9561e+06
5.32074 -7.10017e+06
5.32274 -7.24422e+06
5.32475 -7.38822e+06
5.32676 -7.5322e+06
5.32876 -7.67614e+06
5.33077 -7.82004e+06
5.33278 -7.96391e+06
5.33478 -96293.1
5.33679 -241704
5.3388 -387091
5.3408 -532454
5.34281 -677794
5.34482 -823109
5.34682 -968401
5.34883 -1.11367e+06
5.35084 -1.25891e+06
5.35284 -1.40413e+06
5.35485 -1.54932e+06
5.35686 -1.69448e+06
5.35886 -1.83963e+06
5.36087 -1.98474e+06
5.36288 -2.12983e+06
5.36488 -2.27489e+06
5.36689 -2.41993e+06
5.3689 -2.56494e+06
5.3709 -2.70993e+06
5.37291 -2.85488e+06
5.37492 -2.99981e+06
5.37692 -3.14471e+06
5.37893 -3.28959e+06
5.38094 -3.43444e+06
5.38294 -3.57925e+06
5.38495 -3.72404e+06
5.38696 -3.86881e+06
5.38896 -4.01354e+06
5.39097 -4.15825e+06
5.39298 -4.30292e+06
5.39498 -4.44757e+06
5.39699 -4.59219e+06
5.399 -4.73677e+06
5.401 -4.88133e+06
5.40301 -5.02586e+06
5.40502 -5.17036e+06
5.40702 -5.31482e+06
5.40903 -5.45926e+06
5.41104 -5.60367e+06
5.41304 -5.74804e+06
5.41505 -5.89238e+06
5.41706 -6.0367e+06
5.41906 -6.18098e+06
5.42107 -6.32522e+06
5.42308 -6.46944e+06
5.42508 -6.61362e+06
5.42709 -6.75778e+06
5.4291 -6.90189e+06
5.4311 -7.04598e+06
5.43311 -7.19003e+06
5.43512 -7.33405e+06
5.43712 -7.47804e+06
5.43913 -7.62199e+06
5.44114 -7.76591e+06
5.44314 -7.90979e+06
5.44515 -41794.5
5.44716 -187214
5.44916 -332610
5.45117 -477982
5.45318 -623330
5.45518 -768655
5.45719 -913955
5.4592 -1.05923e+06
5.4612 -1.20448e+06
5.46321 -1.34971e+06
5.46522 -1.49491e+06
5.46722 -1.64009e+06
5.46923 -1.78524e+06
5.47124 -1.93036e+06
5.47324 -2.07546e+06
5.47525 -2.22053e+06
5.47726 -2.36558e+06
5.47926 -2.5106e+06
5.48127 -2.65559e+06
5.48328 -2.80056e+06
5.48528 -2.9455e+06
5.48729 -3.09041e+06
5.4893 -3.2353e+06
5.4913 -3.38015e+06
5.49331 -3.52498e+06
5.49532 -3.66978e+06
5.49732 -3.81456e+06
5.49933 -3.9593e+06
5.50134 -4.10402e+06
5.50334 -4.2487e+06
5.50535 -4.39336e+06
5.50736 -4.53799e+06
5.50936 -4.68259e+06
5.51137 -4.82716e+06
5.51338 -4.9717e+06
5.51538 -5.11621e+06
5.51739 -5.26068e+06
5.5194 -5.40513e+06
5.5214 -5.54955e+06
5.52341 -5.69393e+06
5.52542 -5.83829e+06
5.52742 -5.98261e+06
5.52943 -6.12691e+06
5.53144 -6.27117e+06
5.53344 -6.41539e+06
5.53545 -6.55959e+06
5.53746 -6.70375e+06
5.53946 -6.84788e+06
5.54147 -6.99198e+06
5.54348 -7.13605e+06
5.54548 -7.28008e+06
5.54749 -7.42408e+06
5.5495 -7.56804e+06
5.55151 -7.71197e+06
5.55351 -7.85587e+06
5.55552 -7.99973e+06
5.55753 -132737
5.55953 -278142
5.56154 -423523
5.56355 -568880
5.56555 -714213
5.56756 -859522
5.56957 -1.00481e+06
5.57157 -1.15007e+06
5.57358 -1.2953e+06
5.57559 -1.44051e+06
5.57759 -1.5857e+06
5.5796 -1.73086e+06
5.58161 -1.87599e+06
5.58361 -2.0211e+06
5.58562 -2.16619e+06
5.58763 -2.31124e+06
5.58963 -2.45627e+06
5.59164 -2.60128e+06
5.59365 -2.74625e+06
5.59565 -2.8912e+06
5.59766 -3.03612e+06
5.59967 -3.18102e+06
5.60167 -3.32589e+06
5.60368 -3.47073e+06
5.60569 -3.61554e+06
5.60769 -3.76032e+06
5.6097 -3.90508e+06
5.61171 -4.0498e+06
5.61371 -4.1945e+06
5.61572 -4.33917e+06
5.61773 -4.48381e+06
5.61973 -4.62842e+06
5.62174 -4.773e+06
5.62375 -4.91755e+06
5.62575 -5.06207e+06
5.62776 -5.20656e+06
5.62977 -5.35102e+06
5.63177 -5.49544e+06
5.63378 -5.63984e+06
5.63579 -5.78421e+06
5.63779 -5.92854e+06
5.6398 -6.07285e+06
5.64181 -6.21712e+06
5.64381 -6.36136e+06
5.64582 -6.50557e+06
5.64783 -6.64974e+06
5.64983 -6.79389e+06
5.65184 -6.938e+06
5.65385 -7.08207e+06
5.65585 -7.22612e+06
5.65786 -7.37013e+06
5.65987 -7.5141e+06
5.66187 -7.65805e+06
5.66388 -7.80196e+06
5.66589 -7.94583e+06
5.66789 -77996.9
5.6699 -223410
5.67191 -368800
5.67391 -514166
5.67592 -659508
5.67793 -804826
5.67993 -950120
5.68194 -1.09539e+06
5.68395 -1.24063e+06
5.68595 -1.38585e+06
5.68796 -1.53105e+06
5.68997 -1.67622e+06
5.69197 -1.82136e+06
5.69398 -1.96648e+06
5.69599 -2.11157e+06
5.69799 -2.25664e+06
5.7 -2.40168e+06
