10
5 6997.44 -7.24771e+07 5.74206e+06 2.53498e+07
5.11111 7049.22 -7.24771e+07 5.74206e+06 2.53498e+07
5.22222 7901.77 -7.24771e+07 5.74206e+06 2.53498e+07
5.33333 8740.12 -7.24771e+07 5.74206e+06 2.53498e+07
5.44444 9377.05 -7.24771e+07 5.74206e+06 2.53498e+07
5.55556 9997.54 -7.24771e+07 5.74206e+06 2.53498e+07
5.66667 10878.2 -7.24771e+07 5.74206e+06 2.53498e+07
5.77778 12085.1 -7.24771e+07 5.74206e+06 2.53498e+07
5.88889 13154.6 -7.24771e+07 5.74206e+06 2.53498e+07
6 12761.9 -7.24771e+07 5.74206e+06 2.53498e+07
